[nav/default]
version = 7.2.1
modtime = 1546360374.547944000

[views/home]
version = 7.2.1
modtime = 1546360562.140421000

[views/contents]
version = 7.2.1
modtime = 1546361599.890453000

[views/stages]
version = 7.2.1
modtime = 1546361327.662900000
